# Salidas
2.041000000000000000e+05
1.267000000000000000e+05
2.659000000000000000e+05
2.674000000000000000e+05
3.513000000000000000e+05
3.591000000000000000e+05
3.437000000000000000e+05
3.993000000000000000e+05
2.169000000000000000e+05
2.208000000000000000e+05
2.232000000000000000e+05
2.227000000000000000e+05
2.154000000000000000e+05
2.546000000000000000e+05
2.819000000000000000e+05
2.872000000000000000e+05
2.521000000000000000e+05
2.611000000000000000e+05
2.400000000000000000e+05
2.387000000000000000e+05
3.074000000000000000e+05
2.943000000000000000e+05
3.024000000000000000e+05
3.305000000000000000e+05
2.798000000000000000e+05
2.883000000000000000e+05
2.889000000000000000e+05
3.359000000000000000e+05
2.832000000000000000e+05
2.830000000000000000e+05
2.726000000000000000e+05
2.691000000000000000e+05
2.989000000000000000e+05
3.407000000000000000e+05
5.000010000000000000e+05
5.000010000000000000e+05
3.963000000000000000e+05
2.799000000000000000e+05
2.624000000000000000e+05
2.158000000000000000e+05
2.519000000000000000e+05
2.451000000000000000e+05
2.583000000000000000e+05
7.200000000000000000e+04
2.500000000000000000e+05
1.176000000000000000e+05
8.440000000000000000e+04
1.322000000000000000e+05
1.517000000000000000e+05
1.375000000000000000e+05
1.625000000000000000e+05
1.840000000000000000e+05
1.841000000000000000e+05
2.006000000000000000e+05
2.604000000000000000e+05
2.000000000000000000e+05
1.885000000000000000e+05
2.948000000000000000e+05
2.170000000000000000e+05
2.825000000000000000e+05
2.312000000000000000e+05
2.697000000000000000e+05
2.686000000000000000e+05
2.138000000000000000e+05
2.279000000000000000e+05
2.222000000000000000e+05
2.353000000000000000e+05
2.267000000000000000e+05
2.307000000000000000e+05
2.375000000000000000e+05
2.618000000000000000e+05
2.822000000000000000e+05
2.703000000000000000e+05
2.983000000000000000e+05
2.122000000000000000e+05
1.984000000000000000e+05
3.156000000000000000e+05
2.629000000000000000e+05
3.139000000000000000e+05
2.858000000000000000e+05
2.177000000000000000e+05
3.396000000000000000e+05
3.420000000000000000e+05
3.441000000000000000e+05
2.735000000000000000e+05
3.478000000000000000e+05
2.780000000000000000e+05
5.000010000000000000e+05
4.425000000000000000e+05
5.000010000000000000e+05
5.000010000000000000e+05
3.530000000000000000e+05
2.815000000000000000e+05
2.070000000000000000e+05
2.563000000000000000e+05
2.346000000000000000e+05
2.156000000000000000e+05
2.132000000000000000e+05
4.224000000000000000e+05
6.750000000000000000e+04
9.840000000000000000e+04
2.984000000000000000e+05
1.734000000000000000e+05
1.188000000000000000e+05
1.356000000000000000e+05
1.360000000000000000e+05
1.189000000000000000e+05
1.429000000000000000e+05
1.913000000000000000e+05
1.659000000000000000e+05
1.923000000000000000e+05
1.613000000000000000e+05
1.820000000000000000e+05
1.932000000000000000e+05
2.028000000000000000e+05
1.790000000000000000e+05
1.907000000000000000e+05
3.392000000000000000e+05
5.000010000000000000e+05
2.564000000000000000e+05
2.956000000000000000e+05
3.324000000000000000e+05
2.751000000000000000e+05
2.989000000000000000e+05
1.817000000000000000e+05
2.369000000000000000e+05
8.130000000000000000e+04
2.324000000000000000e+05
2.394000000000000000e+05
2.298000000000000000e+05
1.781000000000000000e+05
3.370000000000000000e+05
3.683000000000000000e+05
2.394000000000000000e+05
4.112000000000000000e+05
3.515000000000000000e+05
3.431000000000000000e+05
3.387000000000000000e+05
2.445000000000000000e+05
2.422000000000000000e+05
3.461000000000000000e+05
5.000010000000000000e+05
3.359000000000000000e+05
4.158000000000000000e+05
5.000010000000000000e+05
3.734000000000000000e+05
3.044000000000000000e+05
1.375000000000000000e+05
2.392000000000000000e+05
2.750000000000000000e+05
4.000000000000000000e+05
5.870000000000000000e+04
7.580000000000000000e+04
6.910000000000000000e+04
7.500000000000000000e+04
2.812000000000000000e+05
1.757000000000000000e+05
1.462000000000000000e+05
3.152000000000000000e+05
2.282000000000000000e+05
1.897000000000000000e+05
1.266000000000000000e+05
1.397000000000000000e+05
1.313000000000000000e+05
1.379000000000000000e+05
1.449000000000000000e+05
1.610000000000000000e+05
1.940000000000000000e+05
1.655000000000000000e+05
2.062000000000000000e+05
2.115000000000000000e+05
2.982000000000000000e+05
2.680000000000000000e+05
3.223000000000000000e+05
2.736000000000000000e+05
3.302000000000000000e+05
3.536000000000000000e+05
3.658000000000000000e+05
3.677000000000000000e+05
3.866000000000000000e+05
2.375000000000000000e+05
2.818000000000000000e+05
1.580000000000000000e+05
2.161000000000000000e+05
2.563000000000000000e+05
2.242000000000000000e+05
2.876000000000000000e+05
2.876000000000000000e+05
1.375000000000000000e+05
2.526000000000000000e+05
2.222000000000000000e+05
2.495000000000000000e+05
2.304000000000000000e+05
3.609000000000000000e+05
1.673000000000000000e+05
3.490000000000000000e+05
3.463000000000000000e+05
2.536000000000000000e+05
2.895000000000000000e+05
3.236000000000000000e+05
3.442000000000000000e+05
2.840000000000000000e+05
3.327000000000000000e+05
5.000010000000000000e+05
5.000010000000000000e+05
5.000010000000000000e+05
5.000010000000000000e+05
5.000010000000000000e+05
5.000010000000000000e+05
3.187000000000000000e+05
3.081000000000000000e+05
3.553000000000000000e+05
2.330000000000000000e+05
2.631000000000000000e+05
2.294000000000000000e+05
2.653000000000000000e+05
2.328000000000000000e+05
2.400000000000000000e+05
3.267000000000000000e+05
3.885000000000000000e+05
2.164000000000000000e+05
1.980000000000000000e+05
9.910000000000000000e+04
1.316000000000000000e+05
1.047000000000000000e+05
1.265000000000000000e+05
1.569000000000000000e+05
1.782000000000000000e+05
1.619000000000000000e+05
1.655000000000000000e+05
1.617000000000000000e+05
1.710000000000000000e+05
2.083000000000000000e+05
2.370000000000000000e+05
2.131000000000000000e+05
2.671000000000000000e+05
3.512000000000000000e+05
3.562000000000000000e+05
2.873000000000000000e+05
4.414000000000000000e+05
4.438000000000000000e+05
3.593000000000000000e+05
3.011000000000000000e+05
1.596000000000000000e+05
1.543000000000000000e+05
1.598000000000000000e+05
1.781000000000000000e+05
2.145000000000000000e+05
2.234000000000000000e+05
2.268000000000000000e+05
2.397000000000000000e+05
2.246000000000000000e+05
2.544000000000000000e+05
3.277000000000000000e+05
3.780000000000000000e+05
3.352000000000000000e+05
2.438000000000000000e+05
3.657000000000000000e+05
3.544000000000000000e+05
2.284000000000000000e+05
3.606000000000000000e+05
3.447000000000000000e+05
3.500000000000000000e+05
3.325000000000000000e+05
3.401000000000000000e+05
3.419000000000000000e+05
3.546000000000000000e+05
5.000010000000000000e+05
5.000010000000000000e+05
5.000010000000000000e+05
5.000010000000000000e+05
5.000010000000000000e+05
5.000010000000000000e+05
1.964000000000000000e+05
2.400000000000000000e+05
2.450000000000000000e+05
2.125000000000000000e+05
2.175000000000000000e+05
1.667000000000000000e+05
1.953000000000000000e+05
1.125000000000000000e+05
9.630000000000000000e+04
2.239000000000000000e+05
1.440000000000000000e+05
1.185000000000000000e+05
1.085000000000000000e+05
1.011000000000000000e+05
1.348000000000000000e+05
1.577000000000000000e+05
1.783000000000000000e+05
1.666000000000000000e+05
1.693000000000000000e+05
1.382000000000000000e+05
1.489000000000000000e+05
1.563000000000000000e+05
1.511000000000000000e+05
1.667000000000000000e+05
1.625000000000000000e+05
2.023000000000000000e+05
2.205000000000000000e+05
2.793000000000000000e+05
3.448000000000000000e+05
3.588000000000000000e+05
3.587000000000000000e+05
3.906000000000000000e+05
4.940000000000000000e+05
3.400000000000000000e+05
1.987000000000000000e+05
2.095000000000000000e+05
2.212000000000000000e+05
1.614000000000000000e+05
1.649000000000000000e+05
2.560000000000000000e+05
2.202000000000000000e+05
2.403000000000000000e+05
2.173000000000000000e+05
2.848000000000000000e+05
1.782000000000000000e+05
1.860000000000000000e+05
2.080000000000000000e+05
1.833000000000000000e+05
2.502000000000000000e+05
2.524000000000000000e+05
2.560000000000000000e+05
2.848000000000000000e+05
3.250000000000000000e+05
5.000010000000000000e+05
4.119000000000000000e+05
3.674000000000000000e+05
3.521000000000000000e+05
3.114000000000000000e+05
4.518000000000000000e+05
3.424000000000000000e+05
2.312000000000000000e+05
4.048000000000000000e+05
4.091000000000000000e+05
3.263000000000000000e+05
3.353000000000000000e+05
5.000010000000000000e+05
5.000010000000000000e+05
5.000010000000000000e+05
5.000010000000000000e+05
1.909000000000000000e+05
3.220000000000000000e+05
4.405000000000000000e+05
2.554000000000000000e+05
2.625000000000000000e+05
2.344000000000000000e+05
2.250000000000000000e+05
2.161000000000000000e+05
2.326000000000000000e+05
7.000000000000000000e+04
9.280000000000000000e+04
8.360000000000000000e+04
1.306000000000000000e+05
1.296000000000000000e+05
1.059000000000000000e+05
1.250000000000000000e+05
9.420000000000000000e+04
9.220000000000000000e+04
1.104000000000000000e+05
9.290000000000000000e+04
8.750000000000000000e+04
9.110000000000000000e+04
1.399000000000000000e+05
1.362000000000000000e+05
1.345000000000000000e+05
1.609000000000000000e+05
1.750000000000000000e+05
1.518000000000000000e+05
1.063000000000000000e+05
1.631000000000000000e+05
1.971000000000000000e+05
2.314000000000000000e+05
2.758000000000000000e+05
3.491000000000000000e+05
2.542000000000000000e+05
3.326000000000000000e+05
3.500000000000000000e+05
2.992000000000000000e+05
2.267000000000000000e+05
2.419000000000000000e+05
1.904000000000000000e+05
2.042000000000000000e+05
1.932000000000000000e+05
2.385000000000000000e+05
2.436000000000000000e+05
2.698000000000000000e+05
2.917000000000000000e+05
2.238000000000000000e+05
1.904000000000000000e+05
2.185000000000000000e+05
1.563000000000000000e+05
2.736000000000000000e+05
2.528000000000000000e+05
3.116000000000000000e+05
4.301000000000000000e+05
4.316000000000000000e+05
3.701000000000000000e+05
4.326000000000000000e+05
4.473000000000000000e+05
2.250000000000000000e+05
3.962000000000000000e+05
2.715000000000000000e+05
4.747000000000000000e+05
4.314000000000000000e+05
3.938000000000000000e+05
3.551000000000000000e+05
4.113000000000000000e+05
3.459000000000000000e+05
5.000010000000000000e+05
5.000010000000000000e+05
5.000010000000000000e+05
2.615000000000000000e+05
3.123000000000000000e+05
3.676000000000000000e+05
2.531000000000000000e+05
2.386000000000000000e+05
2.664000000000000000e+05
2.375000000000000000e+05
3.623000000000000000e+05
2.239000000000000000e+05
1.964000000000000000e+05
2.064000000000000000e+05
2.020000000000000000e+05
2.638000000000000000e+05
2.658000000000000000e+05
6.150000000000000000e+04
2.250000000000000000e+05
9.890000000000000000e+04
1.054000000000000000e+05
9.900000000000000000e+04
1.364000000000000000e+05
7.500000000000000000e+04
2.500000000000000000e+05
1.598000000000000000e+05
1.694000000000000000e+05
1.820000000000000000e+05
1.446000000000000000e+05
1.908000000000000000e+05
1.793000000000000000e+05
2.278000000000000000e+05
2.665000000000000000e+05
2.347000000000000000e+05
3.212000000000000000e+05
3.357000000000000000e+05
2.710000000000000000e+05
3.106000000000000000e+05
3.975000000000000000e+05
2.407000000000000000e+05
2.168000000000000000e+05
1.639000000000000000e+05
2.125000000000000000e+05
2.782000000000000000e+05
2.113000000000000000e+05
2.231000000000000000e+05
3.500000000000000000e+05
3.365000000000000000e+05
4.500000000000000000e+05
2.914000000000000000e+05
3.242000000000000000e+05
4.068000000000000000e+05
4.097000000000000000e+05
3.881000000000000000e+05
4.239000000000000000e+05
4.165000000000000000e+05
4.163000000000000000e+05
4.364000000000000000e+05
5.000010000000000000e+05
1.463000000000000000e+05
2.638000000000000000e+05
2.941000000000000000e+05
2.265000000000000000e+05
2.760000000000000000e+05
1.010000000000000000e+05
6.840000000000000000e+04
1.713000000000000000e+05
1.059000000000000000e+05
9.900000000000000000e+04
1.072000000000000000e+05
1.375000000000000000e+05
8.750000000000000000e+04
1.896000000000000000e+05
1.820000000000000000e+05
1.864000000000000000e+05
2.357000000000000000e+05
2.328000000000000000e+05
2.161000000000000000e+05
1.143000000000000000e+05
3.409000000000000000e+05
1.865000000000000000e+05
3.416000000000000000e+05
4.125000000000000000e+05
2.316000000000000000e+05
1.807000000000000000e+05
1.582000000000000000e+05
1.582000000000000000e+05
1.461000000000000000e+05
3.500000000000000000e+05
1.692000000000000000e+05
2.089000000000000000e+05
2.353000000000000000e+05
2.317000000000000000e+05
2.344000000000000000e+05
2.534000000000000000e+05
3.750000000000000000e+05
4.700000000000000000e+05
5.000010000000000000e+05
3.227000000000000000e+05
5.000010000000000000e+05
3.275000000000000000e+05
5.000010000000000000e+05
3.818000000000000000e+05
5.000010000000000000e+05
4.514000000000000000e+05
2.883000000000000000e+05
4.988000000000000000e+05
3.808000000000000000e+05
5.000010000000000000e+05
1.313000000000000000e+05
2.583000000000000000e+05
7.320000000000000000e+04
2.458000000000000000e+05
1.734000000000000000e+05
1.977000000000000000e+05
1.298000000000000000e+05
1.669000000000000000e+05
1.861000000000000000e+05
2.118000000000000000e+05
1.971000000000000000e+05
1.900000000000000000e+05
2.657000000000000000e+05
2.051000000000000000e+05
2.208000000000000000e+05
2.260000000000000000e+05
2.521000000000000000e+05
2.250000000000000000e+05
2.925000000000000000e+05
2.598000000000000000e+05
2.633000000000000000e+05
2.668000000000000000e+05
3.872000000000000000e+05
1.550000000000000000e+05
2.063000000000000000e+05
2.952000000000000000e+05
2.549000000000000000e+05
2.415000000000000000e+05
2.325000000000000000e+05
2.232000000000000000e+05
1.905000000000000000e+05
2.038000000000000000e+05
2.181000000000000000e+05
1.653000000000000000e+05
2.108000000000000000e+05
2.306000000000000000e+05
1.793000000000000000e+05
1.618000000000000000e+05
1.909000000000000000e+05
1.349000000000000000e+05
1.681000000000000000e+05
1.576000000000000000e+05
1.776000000000000000e+05
2.220000000000000000e+05
2.137000000000000000e+05
2.443000000000000000e+05
2.470000000000000000e+05
3.183000000000000000e+05
2.735000000000000000e+05
2.250000000000000000e+05
3.223000000000000000e+05
2.625000000000000000e+05
1.922000000000000000e+05
3.303000000000000000e+05
3.525000000000000000e+05
2.893000000000000000e+05
2.802000000000000000e+05
4.735000000000000000e+05
4.575000000000000000e+05
5.000010000000000000e+05
5.000010000000000000e+05
5.000010000000000000e+05
5.000010000000000000e+05
5.000010000000000000e+05
5.000010000000000000e+05
4.200000000000000000e+05
5.000010000000000000e+05
2.700000000000000000e+05
2.323000000000000000e+05
9.400000000000000000e+04
3.052000000000000000e+05
1.999000000000000000e+05
2.660000000000000000e+05
2.356000000000000000e+05
2.430000000000000000e+05
2.332000000000000000e+05
2.500000000000000000e+05
2.649000000000000000e+05
2.839000000000000000e+05
7.340000000000000000e+04
5.000010000000000000e+05
5.000010000000000000e+05
3.404000000000000000e+05
2.209000000000000000e+05
2.270000000000000000e+05
2.593000000000000000e+05
2.099000000000000000e+05
1.810000000000000000e+05
1.957000000000000000e+05
1.908000000000000000e+05
1.841000000000000000e+05
2.750000000000000000e+05
2.422000000000000000e+05
1.600000000000000000e+05
1.666000000000000000e+05
1.619000000000000000e+05
1.827000000000000000e+05
1.720000000000000000e+05
1.779000000000000000e+05
1.566000000000000000e+05
1.569000000000000000e+05
1.647000000000000000e+05
1.926000000000000000e+05
1.760000000000000000e+05
2.065000000000000000e+05
1.573000000000000000e+05
2.039000000000000000e+05
1.917000000000000000e+05
2.365000000000000000e+05
2.544000000000000000e+05
2.889000000000000000e+05
3.167000000000000000e+05
3.087000000000000000e+05
2.770000000000000000e+05
3.343000000000000000e+05
3.071000000000000000e+05
3.400000000000000000e+05
3.424000000000000000e+05
3.667000000000000000e+05
3.839000000000000000e+05
3.734000000000000000e+05
3.536000000000000000e+05
3.429000000000000000e+05
4.650000000000000000e+05
5.000010000000000000e+05
5.000010000000000000e+05
5.000010000000000000e+05
5.000010000000000000e+05
5.000010000000000000e+05
3.689000000000000000e+05
4.853000000000000000e+05
5.000010000000000000e+05
2.739000000000000000e+05
2.048000000000000000e+05
2.209000000000000000e+05
2.037000000000000000e+05
6.290000000000000000e+04
6.550000000000000000e+04
2.042000000000000000e+05
2.054000000000000000e+05
2.110000000000000000e+05
2.941000000000000000e+05
2.732000000000000000e+05
3.069000000000000000e+05
4.065000000000000000e+05
4.026000000000000000e+05
2.664000000000000000e+05
2.535000000000000000e+05
2.418000000000000000e+05
2.639000000000000000e+05
1.883000000000000000e+05
1.909000000000000000e+05
1.703000000000000000e+05
1.975000000000000000e+05
2.056000000000000000e+05
1.750000000000000000e+05
1.535000000000000000e+05
1.540000000000000000e+05
1.354000000000000000e+05
1.583000000000000000e+05
1.938000000000000000e+05
1.952000000000000000e+05
1.731000000000000000e+05
1.726000000000000000e+05
1.842000000000000000e+05
1.741000000000000000e+05
1.895000000000000000e+05
1.479000000000000000e+05
2.298000000000000000e+05
2.841000000000000000e+05
2.740000000000000000e+05
2.667000000000000000e+05
2.647000000000000000e+05
1.827000000000000000e+05
2.750000000000000000e+05
2.906000000000000000e+05
3.590000000000000000e+05
3.656000000000000000e+05
2.613000000000000000e+05
4.421000000000000000e+05
5.000010000000000000e+05
5.000010000000000000e+05
5.000010000000000000e+05
5.000010000000000000e+05
5.000010000000000000e+05
2.316000000000000000e+05
2.226000000000000000e+05
2.143000000000000000e+05
7.270000000000000000e+04
5.840000000000000000e+04
7.710000000000000000e+04
1.950000000000000000e+05
1.597000000000000000e+05
2.696000000000000000e+05
2.355000000000000000e+05
2.282000000000000000e+05
3.103000000000000000e+05
3.671000000000000000e+05
3.302000000000000000e+05
2.525000000000000000e+05
2.092000000000000000e+05
1.571000000000000000e+05
1.784000000000000000e+05
1.958000000000000000e+05
1.809000000000000000e+05
1.969000000000000000e+05
1.505000000000000000e+05
1.497000000000000000e+05
1.853000000000000000e+05
1.621000000000000000e+05
2.006000000000000000e+05
1.526000000000000000e+05
1.944000000000000000e+05
2.067000000000000000e+05
1.809000000000000000e+05
1.872000000000000000e+05
3.433000000000000000e+05
1.656000000000000000e+05
1.813000000000000000e+05
2.935000000000000000e+05
2.760000000000000000e+05
3.545000000000000000e+05
5.000010000000000000e+05
3.531000000000000000e+05
5.000010000000000000e+05
5.000010000000000000e+05
5.000010000000000000e+05
5.000010000000000000e+05
2.733000000000000000e+05
9.170000000000000000e+04
1.294000000000000000e+05
1.161000000000000000e+05
2.126000000000000000e+05
2.067000000000000000e+05
2.877000000000000000e+05
2.973000000000000000e+05
3.482000000000000000e+05
3.142000000000000000e+05
3.699000000000000000e+05
2.068000000000000000e+05
1.704000000000000000e+05
1.375000000000000000e+05
1.609000000000000000e+05
1.552000000000000000e+05
1.702000000000000000e+05
1.672000000000000000e+05
1.875000000000000000e+05
1.654000000000000000e+05
1.727000000000000000e+05
3.316000000000000000e+05
1.979000000000000000e+05
1.976000000000000000e+05
3.766000000000000000e+05
4.637000000000000000e+05
4.513000000000000000e+05
4.178000000000000000e+05
4.438000000000000000e+05
4.329000000000000000e+05
2.664000000000000000e+05
5.000010000000000000e+05
5.000010000000000000e+05
5.000010000000000000e+05
5.000010000000000000e+05
5.000010000000000000e+05
5.000010000000000000e+05
3.158000000000000000e+05
8.230000000000000000e+04
7.720000000000000000e+04
1.357000000000000000e+05
1.265000000000000000e+05
1.724000000000000000e+05
2.254000000000000000e+05
5.000010000000000000e+05
2.571000000000000000e+05
4.333000000000000000e+05
4.541000000000000000e+05
3.645000000000000000e+05
4.165000000000000000e+05
2.500000000000000000e+05
1.521000000000000000e+05
1.679000000000000000e+05
1.449000000000000000e+05
1.599000000000000000e+05
1.799000000000000000e+05
1.791000000000000000e+05
1.806000000000000000e+05
1.964000000000000000e+05
1.911000000000000000e+05
1.489000000000000000e+05
1.847000000000000000e+05
1.375000000000000000e+05
2.281000000000000000e+05
1.594000000000000000e+05
4.063000000000000000e+05
3.734000000000000000e+05
4.255000000000000000e+05
3.981000000000000000e+05
3.731000000000000000e+05
3.621000000000000000e+05
3.609000000000000000e+05
5.000010000000000000e+05
5.000010000000000000e+05
5.000010000000000000e+05
5.000010000000000000e+05
5.000010000000000000e+05
5.000010000000000000e+05
1.851000000000000000e+05
2.069000000000000000e+05
2.396000000000000000e+05
9.430000000000000000e+04
5.920000000000000000e+04
1.702000000000000000e+05
1.660000000000000000e+05
1.448000000000000000e+05
1.508000000000000000e+05
3.500000000000000000e+05
4.261000000000000000e+05
2.930000000000000000e+05
2.754000000000000000e+05
3.300000000000000000e+05
3.111000000000000000e+05
2.489000000000000000e+05
3.418000000000000000e+05
1.862000000000000000e+05
2.435000000000000000e+05
3.712000000000000000e+05
1.889000000000000000e+05
1.800000000000000000e+05
1.837000000000000000e+05
2.180000000000000000e+05
1.617000000000000000e+05
2.713000000000000000e+05
1.828000000000000000e+05
1.794000000000000000e+05
1.799000000000000000e+05
1.840000000000000000e+05
1.816000000000000000e+05
1.667000000000000000e+05
1.734000000000000000e+05
1.594000000000000000e+05
1.596000000000000000e+05
5.000010000000000000e+05
5.000010000000000000e+05
5.000010000000000000e+05
5.000010000000000000e+05
3.974000000000000000e+05
4.466000000000000000e+05
4.319000000000000000e+05
3.141000000000000000e+05
4.409000000000000000e+05
4.612000000000000000e+05
5.000010000000000000e+05
3.500000000000000000e+05
8.750000000000000000e+04
1.761000000000000000e+05
1.431000000000000000e+05
1.506000000000000000e+05
1.339000000000000000e+05
1.783000000000000000e+05
3.944000000000000000e+05
3.140000000000000000e+05
3.899000000000000000e+05
2.791000000000000000e+05
2.528000000000000000e+05
1.955000000000000000e+05
2.042000000000000000e+05
2.647000000000000000e+05
2.351000000000000000e+05
2.184000000000000000e+05
2.027000000000000000e+05
2.189000000000000000e+05
1.817000000000000000e+05
1.668000000000000000e+05
1.941000000000000000e+05
1.872000000000000000e+05
1.891000000000000000e+05
1.784000000000000000e+05
2.103000000000000000e+05
2.192000000000000000e+05
1.869000000000000000e+05
1.883000000000000000e+05
1.962000000000000000e+05
5.000010000000000000e+05
1.489000000000000000e+05
1.566000000000000000e+05
1.606000000000000000e+05
1.890000000000000000e+05
5.000010000000000000e+05
5.000010000000000000e+05
5.000010000000000000e+05
5.000010000000000000e+05
5.000010000000000000e+05
5.000010000000000000e+05
2.650000000000000000e+05
5.000010000000000000e+05
5.000010000000000000e+05
3.340000000000000000e+05
3.288000000000000000e+05
1.958000000000000000e+05
1.685000000000000000e+05
1.969000000000000000e+05
1.835000000000000000e+05
2.190000000000000000e+05
1.875000000000000000e+05
1.180000000000000000e+05
1.220000000000000000e+05
1.306000000000000000e+05
2.750000000000000000e+05
2.454000000000000000e+05
1.417000000000000000e+05
1.983000000000000000e+05
2.109000000000000000e+05
1.574000000000000000e+05
1.915000000000000000e+05
2.027000000000000000e+05
1.926000000000000000e+05
1.947000000000000000e+05
1.836000000000000000e+05
1.846000000000000000e+05
1.929000000000000000e+05
1.973000000000000000e+05
2.052000000000000000e+05
2.134000000000000000e+05
1.981000000000000000e+05
3.264000000000000000e+05
5.000010000000000000e+05
3.796000000000000000e+05
5.000010000000000000e+05
3.086000000000000000e+05
5.000010000000000000e+05
5.000010000000000000e+05
5.000010000000000000e+05
5.000010000000000000e+05
5.000010000000000000e+05
4.763000000000000000e+05
3.750000000000000000e+05
4.048000000000000000e+05
4.750000000000000000e+05
5.000010000000000000e+05
6.960000000000000000e+04
8.500000000000000000e+04
1.903000000000000000e+05
1.851000000000000000e+05
2.083000000000000000e+05
1.961000000000000000e+05
4.345000000000000000e+05
4.043000000000000000e+05
3.702000000000000000e+05
3.710000000000000000e+05
1.563000000000000000e+05
1.619000000000000000e+05
1.760000000000000000e+05
1.458000000000000000e+05
1.643000000000000000e+05
1.555000000000000000e+05
1.429000000000000000e+05
1.111000000000000000e+05
9.520000000000000000e+04
9.170000000000000000e+04
1.079000000000000000e+05
1.434000000000000000e+05
9.820000000000000000e+04
1.295000000000000000e+05
1.031000000000000000e+05
1.094000000000000000e+05
1.982000000000000000e+05
1.750000000000000000e+05
1.716000000000000000e+05
1.375000000000000000e+05
1.910000000000000000e+05
1.904000000000000000e+05
1.935000000000000000e+05
1.946000000000000000e+05
2.057000000000000000e+05
3.417000000000000000e+05
1.626000000000000000e+05
4.178000000000000000e+05
4.102000000000000000e+05
4.125000000000000000e+05
4.250000000000000000e+05
3.560000000000000000e+05
4.025000000000000000e+05
4.059000000000000000e+05
5.000010000000000000e+05
2.023000000000000000e+05
7.910000000000000000e+04
5.900000000000000000e+04
5.740000000000000000e+04
6.080000000000000000e+04
2.292000000000000000e+05
2.197000000000000000e+05
1.871000000000000000e+05
4.232000000000000000e+05
4.018000000000000000e+05
4.380000000000000000e+05
1.440000000000000000e+05
1.406000000000000000e+05
1.573000000000000000e+05
1.419000000000000000e+05
9.070000000000000000e+04
1.353000000000000000e+05
1.079000000000000000e+05
9.060000000000000000e+04
9.480000000000000000e+04
9.820000000000000000e+04
8.930000000000000000e+04
9.000000000000000000e+04
1.004000000000000000e+05
8.880000000000000000e+04
9.830000000000000000e+04
9.230000000000000000e+04
8.510000000000000000e+04
9.180000000000000000e+04
9.720000000000000000e+04
8.420000000000000000e+04
1.076000000000000000e+05
1.016000000000000000e+05
9.770000000000000000e+04
9.250000000000000000e+04
1.833000000000000000e+05
8.650000000000000000e+04
1.583000000000000000e+05
1.597000000000000000e+05
1.663000000000000000e+05
1.650000000000000000e+05
2.126000000000000000e+05
3.527000000000000000e+05
5.000010000000000000e+05
5.000010000000000000e+05
5.000010000000000000e+05
3.875000000000000000e+05
6.820000000000000000e+04
5.950000000000000000e+04
6.750000000000000000e+04
8.540000000000000000e+04
8.160000000000000000e+04
1.469000000000000000e+05
2.167000000000000000e+05
3.930000000000000000e+05
1.613000000000000000e+05
2.018000000000000000e+05
5.000010000000000000e+05
5.000010000000000000e+05
4.990000000000000000e+05
3.542000000000000000e+05
3.997000000000000000e+05
3.367000000000000000e+05
4.833000000000000000e+05
3.182000000000000000e+05
2.858000000000000000e+05
2.081000000000000000e+05
2.530000000000000000e+05
1.607000000000000000e+05
1.367000000000000000e+05
9.620000000000000000e+04
1.000000000000000000e+05
1.201000000000000000e+05
9.730000000000000000e+04
9.750000000000000000e+04
9.380000000000000000e+04
8.950000000000000000e+04
9.670000000000000000e+04
9.120000000000000000e+04
1.070000000000000000e+05
8.710000000000000000e+04
8.200000000000000000e+04
8.070000000000000000e+04
8.460000000000000000e+04
8.210000000000000000e+04
8.890000000000000000e+04
8.350000000000000000e+04
9.050000000000000000e+04
7.970000000000000000e+04
1.567000000000000000e+05
1.575000000000000000e+05
1.789000000000000000e+05
1.878000000000000000e+05
5.000010000000000000e+05
5.000010000000000000e+05
4.602000000000000000e+05
3.943000000000000000e+05
5.000010000000000000e+05
5.000010000000000000e+05
7.360000000000000000e+04
5.500000000000000000e+04
5.350000000000000000e+04
6.560000000000000000e+04
5.870000000000000000e+04
5.300000000000000000e+04
2.148000000000000000e+05
1.663000000000000000e+05
2.175000000000000000e+05
3.926000000000000000e+05
3.689000000000000000e+05
3.352000000000000000e+05
3.659000000000000000e+05
2.634000000000000000e+05
2.573000000000000000e+05
2.469000000000000000e+05
1.799000000000000000e+05
1.728000000000000000e+05
1.981000000000000000e+05
2.318000000000000000e+05
1.405000000000000000e+05
1.644000000000000000e+05
1.565000000000000000e+05
1.669000000000000000e+05
1.600000000000000000e+05
1.742000000000000000e+05
1.512000000000000000e+05
1.439000000000000000e+05
1.014000000000000000e+05
9.230000000000000000e+04
8.930000000000000000e+04
9.470000000000000000e+04
9.140000000000000000e+04
7.410000000000000000e+04
7.250000000000000000e+04
8.180000000000000000e+04
8.580000000000000000e+04
8.280000000000000000e+04
8.180000000000000000e+04
8.140000000000000000e+04
8.340000000000000000e+04
8.710000000000000000e+04
8.470000000000000000e+04
2.670000000000000000e+05
5.000010000000000000e+05
4.646000000000000000e+05
5.000010000000000000e+05
5.000010000000000000e+05
4.728000000000000000e+05
5.000010000000000000e+05
7.100000000000000000e+04
6.340000000000000000e+04
1.080000000000000000e+05
1.719000000000000000e+05
1.970000000000000000e+05
3.107000000000000000e+05
5.000010000000000000e+05
3.675000000000000000e+05
3.781000000000000000e+05
3.193000000000000000e+05
3.115000000000000000e+05
3.512000000000000000e+05
3.628000000000000000e+05
3.667000000000000000e+05
3.235000000000000000e+05
2.171000000000000000e+05
2.033000000000000000e+05
2.730000000000000000e+05
2.396000000000000000e+05
1.220000000000000000e+05
1.347000000000000000e+05
1.696000000000000000e+05
1.584000000000000000e+05
1.291000000000000000e+05
1.635000000000000000e+05
1.216000000000000000e+05
1.024000000000000000e+05
1.214000000000000000e+05
9.480000000000000000e+04
8.570000000000000000e+04
8.460000000000000000e+04
7.000000000000000000e+04
2.336000000000000000e+05
2.700000000000000000e+05
2.635000000000000000e+05
5.000010000000000000e+05
2.328000000000000000e+05
3.208000000000000000e+05
5.000010000000000000e+05
5.000010000000000000e+05
4.445000000000000000e+05
5.000010000000000000e+05
5.000010000000000000e+05
5.000010000000000000e+05
5.000010000000000000e+05
5.000010000000000000e+05
6.320000000000000000e+04
1.234000000000000000e+05
3.313000000000000000e+05
2.693000000000000000e+05
1.246000000000000000e+05
1.299000000000000000e+05
1.270000000000000000e+05
1.557000000000000000e+05
1.985000000000000000e+05
3.259000000000000000e+05
3.333000000000000000e+05
3.314000000000000000e+05
2.964000000000000000e+05
1.871000000000000000e+05
2.167000000000000000e+05
2.297000000000000000e+05
1.510000000000000000e+05
2.331000000000000000e+05
1.388000000000000000e+05
1.394000000000000000e+05
1.438000000000000000e+05
1.392000000000000000e+05
1.370000000000000000e+05
1.426000000000000000e+05
1.375000000000000000e+05
1.113000000000000000e+05
1.373000000000000000e+05
1.028000000000000000e+05
1.268000000000000000e+05
8.060000000000000000e+04
9.870000000000000000e+04
1.000000000000000000e+05
8.060000000000000000e+04
8.750000000000000000e+04
2.250000000000000000e+05
2.472000000000000000e+05
2.181000000000000000e+05
2.553000000000000000e+05
2.110000000000000000e+05
5.000010000000000000e+05
5.000010000000000000e+05
5.000010000000000000e+05
5.000010000000000000e+05
5.000010000000000000e+05
5.000010000000000000e+05
5.000010000000000000e+05
5.000010000000000000e+05
5.000010000000000000e+05
6.690000000000000000e+04
1.711000000000000000e+05
1.795000000000000000e+05
1.127000000000000000e+05
1.119000000000000000e+05
1.108000000000000000e+05
1.116000000000000000e+05
8.870000000000000000e+04
9.480000000000000000e+04
2.252000000000000000e+05
3.585000000000000000e+05
5.000010000000000000e+05
5.000010000000000000e+05
3.901000000000000000e+05
2.701000000000000000e+05
2.737000000000000000e+05
2.398000000000000000e+05
1.996000000000000000e+05
2.277000000000000000e+05
1.647000000000000000e+05
1.367000000000000000e+05
1.247000000000000000e+05
1.095000000000000000e+05
1.417000000000000000e+05
1.191000000000000000e+05
1.288000000000000000e+05
1.117000000000000000e+05
1.319000000000000000e+05
9.500000000000000000e+04
9.640000000000000000e+04
1.148000000000000000e+05
2.295000000000000000e+05
2.500000000000000000e+05
2.728000000000000000e+05
3.228000000000000000e+05
3.427000000000000000e+05
4.093000000000000000e+05
5.000010000000000000e+05
5.000010000000000000e+05
3.500000000000000000e+05
5.000010000000000000e+05
1.307000000000000000e+05
9.550000000000000000e+04
8.130000000000000000e+04
1.288000000000000000e+05
8.640000000000000000e+04
7.980000000000000000e+04
7.310000000000000000e+04
1.250000000000000000e+05
3.259000000000000000e+05
2.167000000000000000e+05
8.640000000000000000e+04
9.040000000000000000e+04
1.429000000000000000e+05
1.458000000000000000e+05
1.415000000000000000e+05
9.280000000000000000e+04
9.280000000000000000e+04
9.000000000000000000e+04
1.711000000000000000e+05
1.471000000000000000e+05
4.526000000000000000e+05
3.736000000000000000e+05
3.276000000000000000e+05
3.476000000000000000e+05
5.000010000000000000e+05
5.000010000000000000e+05
5.000010000000000000e+05
4.661000000000000000e+05
5.000010000000000000e+05
3.487000000000000000e+05
4.103000000000000000e+05
3.147000000000000000e+05
1.266000000000000000e+05
2.695000000000000000e+05
1.119000000000000000e+05
1.469000000000000000e+05
1.279000000000000000e+05
1.235000000000000000e+05
1.079000000000000000e+05
1.063000000000000000e+05
1.225000000000000000e+05
1.133000000000000000e+05
1.375000000000000000e+05
1.227000000000000000e+05
1.194000000000000000e+05
1.181000000000000000e+05
1.125000000000000000e+05
1.896000000000000000e+05
7.200000000000000000e+04
2.899000000000000000e+05
2.738000000000000000e+05
3.353000000000000000e+05
3.063000000000000000e+05
3.330000000000000000e+05
2.417000000000000000e+05
2.677000000000000000e+05
2.766000000000000000e+05
3.436000000000000000e+05
3.637000000000000000e+05
3.338000000000000000e+05
3.951000000000000000e+05
4.699000000000000000e+05
5.000010000000000000e+05
1.168000000000000000e+05
8.060000000000000000e+04
7.050000000000000000e+04
5.190000000000000000e+04
5.510000000000000000e+04
2.808000000000000000e+05
1.875000000000000000e+05
1.316000000000000000e+05
1.269000000000000000e+05
1.669000000000000000e+05
1.524000000000000000e+05
1.482000000000000000e+05
1.073000000000000000e+05
1.035000000000000000e+05
1.625000000000000000e+05
5.000010000000000000e+05
5.000010000000000000e+05
3.521000000000000000e+05
3.350000000000000000e+05
3.895000000000000000e+05
4.716000000000000000e+05
4.578000000000000000e+05
3.661000000000000000e+05
3.986000000000000000e+05
2.757000000000000000e+05
3.134000000000000000e+05
2.699000000000000000e+05
3.524000000000000000e+05
2.873000000000000000e+05
1.270000000000000000e+05
2.115000000000000000e+05
1.228000000000000000e+05
1.286000000000000000e+05
1.406000000000000000e+05
1.693000000000000000e+05
1.827000000000000000e+05
1.161000000000000000e+05
9.550000000000000000e+04
1.122000000000000000e+05
1.055000000000000000e+05
1.250000000000000000e+05
2.063000000000000000e+05
2.410000000000000000e+05
1.625000000000000000e+05
2.667000000000000000e+05
2.293000000000000000e+05
2.440000000000000000e+05
2.409000000000000000e+05
2.298000000000000000e+05
2.866000000000000000e+05
2.284000000000000000e+05
3.507000000000000000e+05
4.276000000000000000e+05
5.000010000000000000e+05
3.627000000000000000e+05
3.621000000000000000e+05
3.619000000000000000e+05
3.141000000000000000e+05
3.088000000000000000e+05
3.031000000000000000e+05
3.186000000000000000e+05
3.435000000000000000e+05
5.000010000000000000e+05
1.085000000000000000e+05
1.283000000000000000e+05
9.870000000000000000e+04
5.410000000000000000e+04
6.490000000000000000e+04
7.220000000000000000e+04
1.213000000000000000e+05
1.236000000000000000e+05
1.098000000000000000e+05
9.790000000000000000e+04
1.031000000000000000e+05
1.094000000000000000e+05
1.479000000000000000e+05
1.099000000000000000e+05
9.720000000000000000e+04
8.790000000000000000e+04
1.477000000000000000e+05
1.976000000000000000e+05
2.377000000000000000e+05
3.686000000000000000e+05
3.500000000000000000e+05
5.000010000000000000e+05
3.714000000000000000e+05
3.846000000000000000e+05
3.769000000000000000e+05
4.563000000000000000e+05
3.368000000000000000e+05
4.462000000000000000e+05
4.896000000000000000e+05
2.697000000000000000e+05
3.422000000000000000e+05
3.413000000000000000e+05
2.611000000000000000e+05
2.414000000000000000e+05
2.992000000000000000e+05
2.341000000000000000e+05
2.241000000000000000e+05
2.316000000000000000e+05
2.185000000000000000e+05
2.625000000000000000e+05
2.185000000000000000e+05
2.250000000000000000e+05
3.500000000000000000e+05
2.594000000000000000e+05
2.188000000000000000e+05
2.375000000000000000e+05
2.578000000000000000e+05
2.734000000000000000e+05
2.500000000000000000e+05
1.518000000000000000e+05
1.714000000000000000e+05
1.250000000000000000e+05
1.388000000000000000e+05
7.500000000000000000e+04
1.250000000000000000e+05
9.750000000000000000e+04
1.125000000000000000e+05
1.979000000000000000e+05
2.157000000000000000e+05
2.542000000000000000e+05
2.102000000000000000e+05
2.434000000000000000e+05
2.529000000000000000e+05
2.062000000000000000e+05
4.303000000000000000e+05
4.225000000000000000e+05
3.660000000000000000e+05
2.894000000000000000e+05
3.450000000000000000e+05
2.538000000000000000e+05
3.947000000000000000e+05
3.496000000000000000e+05
3.955000000000000000e+05
5.000010000000000000e+05
4.403000000000000000e+05
4.433000000000000000e+05
5.000010000000000000e+05
1.775000000000000000e+05
6.140000000000000000e+04
1.385000000000000000e+05
6.370000000000000000e+04
1.528000000000000000e+05
3.988000000000000000e+05
2.811000000000000000e+05
2.181000000000000000e+05
1.304000000000000000e+05
1.219000000000000000e+05
1.237000000000000000e+05
1.347000000000000000e+05
9.120000000000000000e+04
1.037000000000000000e+05
1.097000000000000000e+05
9.840000000000000000e+04
1.333000000000000000e+05
9.460000000000000000e+04
1.230000000000000000e+05
1.502000000000000000e+05
2.037000000000000000e+05
2.464000000000000000e+05
2.729000000000000000e+05
1.705000000000000000e+05
1.980000000000000000e+05
3.573000000000000000e+05
3.713000000000000000e+05
3.709000000000000000e+05
3.422000000000000000e+05
3.918000000000000000e+05
3.389000000000000000e+05
4.153000000000000000e+05
3.325000000000000000e+05
2.417000000000000000e+05
1.750000000000000000e+05
2.574000000000000000e+05
2.417000000000000000e+05
2.536000000000000000e+05
3.096000000000000000e+05
1.592000000000000000e+05
2.135000000000000000e+05
1.888000000000000000e+05
1.913000000000000000e+05
1.587000000000000000e+05
2.267000000000000000e+05
1.554000000000000000e+05
1.823000000000000000e+05
1.914000000000000000e+05
1.844000000000000000e+05
1.500000000000000000e+05
1.875000000000000000e+05
1.931000000000000000e+05
1.838000000000000000e+05
3.357000000000000000e+05
1.250000000000000000e+05
1.300000000000000000e+05
1.150000000000000000e+05
2.013000000000000000e+05
1.908000000000000000e+05
2.281000000000000000e+05
2.340000000000000000e+05
2.750000000000000000e+05
2.821000000000000000e+05
3.518000000000000000e+05
4.054000000000000000e+05
4.040000000000000000e+05
5.000010000000000000e+05
5.000010000000000000e+05
4.173000000000000000e+05
3.760000000000000000e+05
3.278000000000000000e+05
3.118000000000000000e+05
2.563000000000000000e+05
2.581000000000000000e+05
3.605000000000000000e+05
3.748000000000000000e+05
3.415000000000000000e+05
4.513000000000000000e+05
5.000010000000000000e+05
4.960000000000000000e+05
5.000010000000000000e+05
1.298000000000000000e+05
7.860000000000000000e+04
9.840000000000000000e+04
1.425000000000000000e+05
2.068000000000000000e+05
1.552000000000000000e+05
1.530000000000000000e+05
1.527000000000000000e+05
1.362000000000000000e+05
1.200000000000000000e+05
1.345000000000000000e+05
2.403000000000000000e+05
2.487000000000000000e+05
2.432000000000000000e+05
2.186000000000000000e+05
2.724000000000000000e+05
3.155000000000000000e+05
3.744000000000000000e+05
4.175000000000000000e+05
3.588000000000000000e+05
3.754000000000000000e+05
4.305000000000000000e+05
3.711000000000000000e+05
3.356000000000000000e+05
2.714000000000000000e+05
2.875000000000000000e+05
2.729000000000000000e+05
2.778000000000000000e+05
2.102000000000000000e+05
2.113000000000000000e+05
2.167000000000000000e+05
2.688000000000000000e+05
2.063000000000000000e+05
2.188000000000000000e+05
2.500000000000000000e+05
1.827000000000000000e+05
1.823000000000000000e+05
1.063000000000000000e+05
1.536000000000000000e+05
1.555000000000000000e+05
1.508000000000000000e+05
1.727000000000000000e+05
1.423000000000000000e+05
1.598000000000000000e+05
1.475000000000000000e+05
1.139000000000000000e+05
1.326000000000000000e+05
1.104000000000000000e+05
1.097000000000000000e+05
1.049000000000000000e+05
9.720000000000000000e+04
1.045000000000000000e+05
1.375000000000000000e+05
9.750000000000000000e+04
1.125000000000000000e+05
1.719000000000000000e+05
1.125000000000000000e+05
1.188000000000000000e+05
1.625000000000000000e+05
1.875000000000000000e+05
2.079000000000000000e+05
2.153000000000000000e+05
2.129000000000000000e+05
2.927000000000000000e+05
2.345000000000000000e+05
3.720000000000000000e+05
2.258000000000000000e+05
2.208000000000000000e+05
2.917000000000000000e+05
3.539000000000000000e+05
2.310000000000000000e+05
3.222000000000000000e+05
2.921000000000000000e+05
3.382000000000000000e+05
4.833000000000000000e+05
4.388000000000000000e+05
4.197000000000000000e+05
2.674000000000000000e+05
3.397000000000000000e+05
3.649000000000000000e+05
4.959000000000000000e+05
5.000010000000000000e+05
2.777000000000000000e+05
3.194000000000000000e+05
1.101000000000000000e+05
8.310000000000000000e+04
1.945000000000000000e+05
1.425000000000000000e+05
1.402000000000000000e+05
2.750000000000000000e+05
1.933000000000000000e+05
2.010000000000000000e+05
3.244000000000000000e+05
3.585000000000000000e+05
3.629000000000000000e+05
3.468000000000000000e+05
2.875000000000000000e+05
3.337000000000000000e+05
2.709000000000000000e+05
2.920000000000000000e+05
3.271000000000000000e+05
2.455000000000000000e+05
2.596000000000000000e+05
2.279000000000000000e+05
2.613000000000000000e+05
2.545000000000000000e+05
2.356000000000000000e+05
1.917000000000000000e+05
1.823000000000000000e+05
2.207000000000000000e+05
2.120000000000000000e+05
1.964000000000000000e+05
1.699000000000000000e+05
1.643000000000000000e+05
1.474000000000000000e+05
1.531000000000000000e+05
1.194000000000000000e+05
1.527000000000000000e+05
1.055000000000000000e+05
9.380000000000000000e+04
1.479000000000000000e+05
1.320000000000000000e+05
1.152000000000000000e+05
1.089000000000000000e+05
1.223000000000000000e+05
1.269000000000000000e+05
1.039000000000000000e+05
8.310000000000000000e+04
8.530000000000000000e+04
8.030000000000000000e+04
8.750000000000000000e+04
8.750000000000000000e+04
9.820000000000000000e+04
1.375000000000000000e+05
1.125000000000000000e+05
1.188000000000000000e+05
1.083000000000000000e+05
1.625000000000000000e+05
1.313000000000000000e+05
2.190000000000000000e+05
1.734000000000000000e+05
1.000000000000000000e+05
3.757000000000000000e+05
2.942000000000000000e+05
2.932000000000000000e+05
3.109000000000000000e+05
2.867000000000000000e+05
4.380000000000000000e+05
3.979000000000000000e+05
4.352000000000000000e+05
4.050000000000000000e+05
4.313000000000000000e+05
4.572000000000000000e+05
5.000010000000000000e+05
5.000010000000000000e+05
6.300000000000000000e+04
4.810000000000000000e+04
5.980000000000000000e+04
7.640000000000000000e+04
3.611000000000000000e+05
1.532000000000000000e+05
1.398000000000000000e+05
1.629000000000000000e+05
1.625000000000000000e+05
1.833000000000000000e+05
1.342000000000000000e+05
1.486000000000000000e+05
1.732000000000000000e+05
2.098000000000000000e+05
2.274000000000000000e+05
1.900000000000000000e+05
3.114000000000000000e+05
2.882000000000000000e+05
4.010000000000000000e+05
2.632000000000000000e+05
2.709000000000000000e+05
2.768000000000000000e+05
2.182000000000000000e+05
2.614000000000000000e+05
2.462000000000000000e+05
2.322000000000000000e+05
2.291000000000000000e+05
2.184000000000000000e+05
1.793000000000000000e+05
2.167000000000000000e+05
2.292000000000000000e+05
1.921000000000000000e+05
1.826000000000000000e+05
1.856000000000000000e+05
1.659000000000000000e+05
1.750000000000000000e+05
1.569000000000000000e+05
1.325000000000000000e+05
7.570000000000000000e+04
7.500000000000000000e+04
7.500000000000000000e+04
9.520000000000000000e+04
1.292000000000000000e+05
6.750000000000000000e+04
8.250000000000000000e+04
1.125000000000000000e+05
1.375000000000000000e+05
8.130000000000000000e+04
1.022000000000000000e+05
3.394000000000000000e+05
2.701000000000000000e+05
2.932000000000000000e+05
2.981000000000000000e+05
3.682000000000000000e+05
3.868000000000000000e+05
3.881000000000000000e+05
4.264000000000000000e+05
5.000010000000000000e+05
5.000010000000000000e+05
8.150000000000000000e+04
9.710000000000000000e+04
9.880000000000000000e+04
6.850000000000000000e+04
1.836000000000000000e+05
1.532000000000000000e+05
1.375000000000000000e+05
1.398000000000000000e+05
1.546000000000000000e+05
1.540000000000000000e+05
1.561000000000000000e+05
1.587000000000000000e+05
1.302000000000000000e+05
1.634000000000000000e+05
1.643000000000000000e+05
1.497000000000000000e+05
1.840000000000000000e+05
3.040000000000000000e+05
2.390000000000000000e+05
2.091000000000000000e+05
2.230000000000000000e+05
2.242000000000000000e+05
2.172000000000000000e+05
1.417000000000000000e+05
1.625000000000000000e+05
2.561000000000000000e+05
2.063000000000000000e+05
1.448000000000000000e+05
1.875000000000000000e+05
1.448000000000000000e+05
1.500000000000000000e+05
1.406000000000000000e+05
1.438000000000000000e+05
7.610000000000000000e+04
7.840000000000000000e+04
7.350000000000000000e+04
8.440000000000000000e+04
2.000000000000000000e+05
2.709000000000000000e+05
2.748000000000000000e+05
3.428000000000000000e+05
3.405000000000000000e+05
3.378000000000000000e+05
3.842000000000000000e+05
3.768000000000000000e+05
3.766000000000000000e+05
4.170000000000000000e+05
3.822000000000000000e+05
3.910000000000000000e+05
7.880000000000000000e+04
1.416000000000000000e+05
1.001000000000000000e+05
1.184000000000000000e+05
6.600000000000000000e+04
6.040000000000000000e+04
6.680000000000000000e+04
2.104000000000000000e+05
1.747000000000000000e+05
1.833000000000000000e+05
1.381000000000000000e+05
1.615000000000000000e+05
1.755000000000000000e+05
1.873000000000000000e+05
1.944000000000000000e+05
1.911000000000000000e+05
1.578000000000000000e+05
1.942000000000000000e+05
1.914000000000000000e+05
2.865000000000000000e+05
2.534000000000000000e+05
2.619000000000000000e+05
2.122000000000000000e+05
1.833000000000000000e+05
1.778000000000000000e+05
1.784000000000000000e+05
1.678000000000000000e+05
2.181000000000000000e+05
2.730000000000000000e+05
2.583000000000000000e+05
2.673000000000000000e+05
2.926000000000000000e+05
2.711000000000000000e+05
3.569000000000000000e+05
2.929000000000000000e+05
3.160000000000000000e+05
2.964000000000000000e+05
2.729000000000000000e+05
3.541000000000000000e+05
3.882000000000000000e+05
3.969000000000000000e+05
3.528000000000000000e+05
3.791000000000000000e+05
4.912000000000000000e+05
1.054000000000000000e+05
1.142000000000000000e+05
9.380000000000000000e+04
1.852000000000000000e+05
1.752000000000000000e+05
2.387000000000000000e+05
1.779000000000000000e+05
1.506000000000000000e+05
1.742000000000000000e+05
1.711000000000000000e+05
1.735000000000000000e+05
1.566000000000000000e+05
1.610000000000000000e+05
1.828000000000000000e+05
1.966000000000000000e+05
1.461000000000000000e+05
2.677000000000000000e+05
2.108000000000000000e+05
1.651000000000000000e+05
2.473000000000000000e+05
1.869000000000000000e+05
2.250000000000000000e+04
1.406000000000000000e+05
1.291000000000000000e+05
1.869000000000000000e+05
1.196000000000000000e+05
3.152000000000000000e+05
2.563000000000000000e+05
2.379000000000000000e+05
2.375000000000000000e+05
2.500000000000000000e+05
4.150000000000000000e+05
5.000010000000000000e+05
3.697000000000000000e+05
3.971000000000000000e+05
4.072000000000000000e+05
3.871000000000000000e+05
4.808000000000000000e+05
5.860000000000000000e+04
1.111000000000000000e+05
7.590000000000000000e+04
1.016000000000000000e+05
6.610000000000000000e+04
7.500000000000000000e+04
3.048000000000000000e+05
2.875000000000000000e+05
2.026000000000000000e+05
2.589000000000000000e+05
2.699000000000000000e+05
2.286000000000000000e+05
1.090000000000000000e+05
1.125000000000000000e+05
1.750000000000000000e+05
1.308000000000000000e+05
1.294000000000000000e+05
1.426000000000000000e+05
1.358000000000000000e+05
1.446000000000000000e+05
1.208000000000000000e+05
1.408000000000000000e+05
1.404000000000000000e+05
1.508000000000000000e+05
1.391000000000000000e+05
1.115000000000000000e+05
1.224000000000000000e+05
2.074000000000000000e+05
2.331000000000000000e+05
3.599000000000000000e+05
2.900000000000000000e+05
2.833000000000000000e+05
5.000010000000000000e+05
5.000010000000000000e+05
5.000010000000000000e+05
5.000010000000000000e+05
4.130000000000000000e+05
5.750000000000000000e+04
6.580000000000000000e+04
1.516000000000000000e+05
1.017000000000000000e+05
6.790000000000000000e+04
8.280000000000000000e+04
1.192000000000000000e+05
9.220000000000000000e+04
8.510000000000000000e+04
1.313000000000000000e+05
1.036000000000000000e+05
1.333000000000000000e+05
1.334000000000000000e+05
1.353000000000000000e+05
1.351000000000000000e+05
1.117000000000000000e+05
1.433000000000000000e+05
1.403000000000000000e+05
1.439000000000000000e+05
1.455000000000000000e+05
1.121000000000000000e+05
8.830000000000000000e+04
9.500000000000000000e+04
3.500000000000000000e+05
3.864000000000000000e+05
3.722000000000000000e+05
5.000010000000000000e+05
5.000010000000000000e+05
4.338000000000000000e+05
3.000000000000000000e+05
5.000010000000000000e+05
5.000010000000000000e+05
4.646000000000000000e+05
4.112000000000000000e+05
5.000010000000000000e+05
5.660000000000000000e+04
8.750000000000000000e+04
6.940000000000000000e+04
9.780000000000000000e+04
1.043000000000000000e+05
2.431000000000000000e+05
1.329000000000000000e+05
1.122000000000000000e+05
9.390000000000000000e+04
1.136000000000000000e+05
9.720000000000000000e+04
1.116000000000000000e+05
1.146000000000000000e+05
1.103000000000000000e+05
1.052000000000000000e+05
1.563000000000000000e+05
9.150000000000000000e+04
8.430000000000000000e+04
8.800000000000000000e+04
1.868000000000000000e+05
4.108000000000000000e+05
3.450000000000000000e+05
5.000010000000000000e+05
5.000010000000000000e+05
5.000010000000000000e+05
4.531000000000000000e+05
6.060000000000000000e+04
5.980000000000000000e+04
7.580000000000000000e+04
9.420000000000000000e+04
1.188000000000000000e+05
7.730000000000000000e+04
6.480000000000000000e+04
1.133000000000000000e+05
7.480000000000000000e+04
2.012000000000000000e+05
1.754000000000000000e+05
1.042000000000000000e+05
8.040000000000000000e+04
1.078000000000000000e+05
6.980000000000000000e+04
8.170000000000000000e+04
1.047000000000000000e+05
7.900000000000000000e+04
7.940000000000000000e+04
7.970000000000000000e+04
7.290000000000000000e+04
8.610000000000000000e+04
8.700000000000000000e+04
1.042000000000000000e+05
3.506000000000000000e+05
3.742000000000000000e+05
4.340000000000000000e+05
5.000010000000000000e+05
5.000010000000000000e+05
5.000010000000000000e+05
5.310000000000000000e+04
1.114000000000000000e+05
7.690000000000000000e+04
8.690000000000000000e+04
8.540000000000000000e+04
9.850000000000000000e+04
8.130000000000000000e+04
7.640000000000000000e+04
7.160000000000000000e+04
3.790000000000000000e+04
8.420000000000000000e+04
2.500000000000000000e+05
3.500000000000000000e+05
5.000000000000000000e+05
3.538000000000000000e+05
5.000010000000000000e+05
5.000010000000000000e+05
5.000010000000000000e+05
5.000010000000000000e+05
8.110000000000000000e+04
4.620000000000000000e+04
6.150000000000000000e+04
6.560000000000000000e+04
1.050000000000000000e+05
7.480000000000000000e+04
7.260000000000000000e+04
5.820000000000000000e+04
1.012000000000000000e+05
7.530000000000000000e+04
6.750000000000000000e+04
2.698000000000000000e+05
4.500000000000000000e+05
1.938000000000000000e+05
1.938000000000000000e+05
1.404000000000000000e+05
2.071000000000000000e+05
2.651000000000000000e+05
3.781000000000000000e+05
4.592000000000000000e+05
5.000010000000000000e+05
5.000010000000000000e+05
4.563000000000000000e+05
2.861000000000000000e+05
8.010000000000000000e+04
7.870000000000000000e+04
8.130000000000000000e+04
6.890000000000000000e+04
8.080000000000000000e+04
8.590000000000000000e+04
2.408000000000000000e+05
2.125000000000000000e+05
5.000010000000000000e+05
3.500000000000000000e+05
1.875000000000000000e+05
2.083000000000000000e+05
2.537000000000000000e+05
3.216000000000000000e+05
2.909000000000000000e+05
1.625000000000000000e+05
2.010000000000000000e+05
1.920000000000000000e+05
1.951000000000000000e+05
1.813000000000000000e+05
1.923000000000000000e+05
2.063000000000000000e+05
3.871000000000000000e+05
2.731000000000000000e+05
3.409000000000000000e+05
5.000010000000000000e+05
5.000010000000000000e+05
4.500000000000000000e+05
1.031000000000000000e+05
1.042000000000000000e+05
7.820000000000000000e+04
9.010000000000000000e+04
1.006000000000000000e+05
2.484000000000000000e+05
2.485000000000000000e+05
2.676000000000000000e+05
2.425000000000000000e+05
2.500000000000000000e+05
4.125000000000000000e+05
3.000000000000000000e+05
1.125000000000000000e+05
3.500000000000000000e+05
2.250000000000000000e+05
2.983000000000000000e+05
2.391000000000000000e+05
3.200000000000000000e+05
2.146000000000000000e+05
2.433000000000000000e+05
2.250000000000000000e+05
2.118000000000000000e+05
2.387000000000000000e+05
2.254000000000000000e+05
2.330000000000000000e+05
2.419000000000000000e+05
2.183000000000000000e+05
2.191000000000000000e+05
2.393000000000000000e+05
2.237000000000000000e+05
2.380000000000000000e+05
2.722000000000000000e+05
2.534000000000000000e+05
2.530000000000000000e+05
3.184000000000000000e+05
4.203000000000000000e+05
3.693000000000000000e+05
7.560000000000000000e+04
7.200000000000000000e+04
4.359000000000000000e+05
6.750000000000000000e+04
2.750000000000000000e+05
5.000010000000000000e+05
4.333000000000000000e+05
5.000010000000000000e+05
5.000010000000000000e+05
5.000010000000000000e+05
3.500000000000000000e+05
3.500000000000000000e+05
5.000010000000000000e+05
3.750000000000000000e+05
2.250000000000000000e+05
2.438000000000000000e+05
4.000000000000000000e+05
1.688000000000000000e+05
5.000010000000000000e+05
4.500000000000000000e+05
2.750000000000000000e+05
2.250000000000000000e+05
5.000010000000000000e+05
3.800000000000000000e+05
5.000010000000000000e+05
5.500000000000000000e+04
3.500000000000000000e+05
2.375000000000000000e+05
5.500000000000000000e+04
3.750000000000000000e+05
2.500000000000000000e+05
2.750000000000000000e+05
1.938000000000000000e+05
3.250000000000000000e+05
2.603000000000000000e+05
2.650000000000000000e+05
3.000000000000000000e+05
2.333000000000000000e+05
2.625000000000000000e+05
2.063000000000000000e+05
2.759000000000000000e+05
2.547000000000000000e+05
2.849000000000000000e+05
2.361000000000000000e+05
1.781000000000000000e+05
2.539000000000000000e+05
2.300000000000000000e+05
2.553000000000000000e+05
2.490000000000000000e+05
2.300000000000000000e+05
2.508000000000000000e+05
3.350000000000000000e+05
2.296000000000000000e+05
2.409000000000000000e+05
2.708000000000000000e+05
2.713000000000000000e+05
2.725000000000000000e+05
2.762000000000000000e+05
2.429000000000000000e+05
2.362000000000000000e+05
2.263000000000000000e+05
2.142000000000000000e+05
2.333000000000000000e+05
2.188000000000000000e+05
2.375000000000000000e+05
2.507000000000000000e+05
2.467000000000000000e+05
2.154000000000000000e+05
2.425000000000000000e+05
2.285000000000000000e+05
2.291000000000000000e+05
2.841000000000000000e+05
2.427000000000000000e+05
3.474000000000000000e+05
3.364000000000000000e+05
4.669000000000000000e+05
8.040000000000000000e+04
1.201000000000000000e+05
8.390000000000000000e+04
3.333000000000000000e+05
3.084000000000000000e+05
2.745000000000000000e+05
5.000010000000000000e+05
5.000010000000000000e+05
5.000010000000000000e+05
4.500000000000000000e+05
4.583000000000000000e+05
2.875000000000000000e+05
5.000010000000000000e+05
5.000010000000000000e+05
5.000010000000000000e+05
4.200000000000000000e+05
2.750000000000000000e+05
2.250000000000000000e+05
2.250000000000000000e+05
8.750000000000000000e+04
5.000010000000000000e+05
2.750000000000000000e+05
1.875000000000000000e+05
5.000010000000000000e+05
5.000010000000000000e+05
7.250000000000000000e+04
1.625000000000000000e+05
3.250000000000000000e+05
3.500000000000000000e+05
4.500000000000000000e+05
3.125000000000000000e+05
2.500000000000000000e+05
3.912000000000000000e+05
4.900000000000000000e+05
2.650000000000000000e+05
2.250000000000000000e+05
2.125000000000000000e+05
2.250000000000000000e+05
2.750000000000000000e+05
4.000000000000000000e+05
2.750000000000000000e+05
4.000000000000000000e+05
3.000000000000000000e+05
2.500000000000000000e+05
2.500000000000000000e+05
2.750000000000000000e+05
2.625000000000000000e+05
3.257000000000000000e+05
2.586000000000000000e+05
2.713000000000000000e+05
2.799000000000000000e+05
3.281000000000000000e+05
2.813000000000000000e+05
2.409000000000000000e+05
2.430000000000000000e+05
2.639000000000000000e+05
2.923000000000000000e+05
2.503000000000000000e+05
2.294000000000000000e+05
2.793000000000000000e+05
2.545000000000000000e+05
2.128000000000000000e+05
2.447000000000000000e+05
3.026000000000000000e+05
3.276000000000000000e+05
2.735000000000000000e+05
2.440000000000000000e+05
2.125000000000000000e+05
2.750000000000000000e+05
2.929000000000000000e+05
3.190000000000000000e+05
3.081000000000000000e+05
3.179000000000000000e+05
3.413000000000000000e+05
1.375000000000000000e+05
9.220000000000000000e+04
5.000010000000000000e+05
5.000010000000000000e+05
4.667000000000000000e+05
5.000000000000000000e+05
5.000010000000000000e+05
5.000010000000000000e+05
4.750000000000000000e+05
5.000010000000000000e+05
5.000010000000000000e+05
5.000010000000000000e+05
5.000010000000000000e+05
5.000010000000000000e+05
5.000010000000000000e+05
4.600000000000000000e+05
4.500000000000000000e+05
4.429000000000000000e+05
3.167000000000000000e+05
2.875000000000000000e+05
1.125000000000000000e+05
2.750000000000000000e+05
1.150000000000000000e+05
2.200000000000000000e+05
3.545000000000000000e+05
4.250000000000000000e+05
3.357000000000000000e+05
2.750000000000000000e+05
4.125000000000000000e+05
2.227000000000000000e+05
4.000000000000000000e+05
3.667000000000000000e+05
4.273000000000000000e+05
3.864000000000000000e+05
3.500000000000000000e+05
2.500000000000000000e+05
3.622000000000000000e+05
3.477000000000000000e+05
3.837000000000000000e+05
3.968000000000000000e+05
3.879000000000000000e+05
3.556000000000000000e+05
3.259000000000000000e+05
3.556000000000000000e+05
3.475000000000000000e+05
3.561000000000000000e+05
3.310000000000000000e+05
3.331000000000000000e+05
3.243000000000000000e+05
2.409000000000000000e+05
2.226000000000000000e+05
2.755000000000000000e+05
3.108000000000000000e+05
2.640000000000000000e+05
2.420000000000000000e+05
2.505000000000000000e+05
2.526000000000000000e+05
2.540000000000000000e+05
2.665000000000000000e+05
2.556000000000000000e+05
2.669000000000000000e+05
2.904000000000000000e+05
2.817000000000000000e+05
2.815000000000000000e+05
2.784000000000000000e+05
2.727000000000000000e+05
3.010000000000000000e+05
3.423000000000000000e+05
3.445000000000000000e+05
3.543000000000000000e+05
1.597000000000000000e+05
1.792000000000000000e+05
5.000010000000000000e+05
5.000010000000000000e+05
5.000010000000000000e+05
5.000010000000000000e+05
5.000010000000000000e+05
5.000010000000000000e+05
5.000010000000000000e+05
5.000010000000000000e+05
5.000000000000000000e+05
5.000010000000000000e+05
5.000010000000000000e+05
4.688000000000000000e+05
5.000010000000000000e+05
5.000010000000000000e+05
5.000010000000000000e+05
5.000010000000000000e+05
5.000000000000000000e+05
5.000010000000000000e+05
5.000010000000000000e+05
2.800000000000000000e+05
4.714000000000000000e+05
4.750000000000000000e+05
3.417000000000000000e+05
3.722000000000000000e+05
3.462000000000000000e+05
4.125000000000000000e+05
2.375000000000000000e+05
2.938000000000000000e+05
1.469000000000000000e+05
5.000010000000000000e+05
5.000010000000000000e+05
5.000010000000000000e+05
4.389000000000000000e+05
3.643000000000000000e+05
4.769000000000000000e+05
4.889000000000000000e+05
3.616000000000000000e+05
4.054000000000000000e+05
3.700000000000000000e+05
3.766000000000000000e+05
4.559000000000000000e+05
4.231000000000000000e+05
3.861000000000000000e+05
3.689000000000000000e+05
3.804000000000000000e+05
3.388000000000000000e+05
3.162000000000000000e+05
4.097000000000000000e+05
2.949000000000000000e+05
3.919000000000000000e+05
3.500000000000000000e+05
2.619000000000000000e+05
2.614000000000000000e+05
2.700000000000000000e+05
2.692000000000000000e+05
2.755000000000000000e+05
2.520000000000000000e+05
2.477000000000000000e+05
2.600000000000000000e+05
2.650000000000000000e+05
2.685000000000000000e+05
2.489000000000000000e+05
2.641000000000000000e+05
2.581000000000000000e+05
2.684000000000000000e+05
2.656000000000000000e+05
2.762000000000000000e+05
2.813000000000000000e+05
3.451000000000000000e+05
1.078000000000000000e+05
1.487000000000000000e+05
1.894000000000000000e+05
1.844000000000000000e+05
2.579000000000000000e+05
2.976000000000000000e+05
5.000010000000000000e+05
5.000010000000000000e+05
5.000010000000000000e+05
5.000010000000000000e+05
4.250000000000000000e+05
5.000010000000000000e+05
5.000010000000000000e+05
4.184000000000000000e+05
4.944000000000000000e+05
4.283000000000000000e+05
3.333000000000000000e+05
3.227000000000000000e+05
5.000010000000000000e+05
5.000010000000000000e+05
5.000010000000000000e+05
4.929000000000000000e+05
2.786000000000000000e+05
5.000000000000000000e+05
5.000000000000000000e+05
4.500000000000000000e+05
5.000010000000000000e+05
5.000000000000000000e+05
3.490000000000000000e+05
3.226000000000000000e+05
3.134000000000000000e+05
3.495000000000000000e+05
3.351000000000000000e+05
3.351000000000000000e+05
2.642000000000000000e+05
2.662000000000000000e+05
2.319000000000000000e+05
2.250000000000000000e+05
2.212000000000000000e+05
2.193000000000000000e+05
2.289000000000000000e+05
2.616000000000000000e+05
2.337000000000000000e+05
2.515000000000000000e+05
2.706000000000000000e+05
2.436000000000000000e+05
2.510000000000000000e+05
2.670000000000000000e+05
8.750000000000000000e+04
2.464000000000000000e+05
2.807000000000000000e+05
2.633000000000000000e+05
3.021000000000000000e+05
3.446000000000000000e+05
1.465000000000000000e+05
2.758000000000000000e+05
2.717000000000000000e+05
5.000010000000000000e+05
5.000010000000000000e+05
5.000010000000000000e+05
5.000010000000000000e+05
5.000010000000000000e+05
3.768000000000000000e+05
5.000010000000000000e+05
3.607000000000000000e+05
4.417000000000000000e+05
3.500000000000000000e+05
3.500000000000000000e+05
3.750000000000000000e+05
4.000000000000000000e+05
4.029000000000000000e+05
3.900000000000000000e+05
3.677000000000000000e+05
3.940000000000000000e+05
5.000010000000000000e+05
5.000010000000000000e+05
3.742000000000000000e+05
4.169000000000000000e+05
5.000010000000000000e+05
4.310000000000000000e+05
4.268000000000000000e+05
3.442000000000000000e+05
5.000010000000000000e+05
3.941000000000000000e+05
4.052000000000000000e+05
2.286000000000000000e+05
2.386000000000000000e+05
2.441000000000000000e+05
2.320000000000000000e+05
2.462000000000000000e+05
2.250000000000000000e+05
2.316000000000000000e+05
2.399000000000000000e+05
2.143000000000000000e+05
2.321000000000000000e+05
2.359000000000000000e+05
2.432000000000000000e+05
2.667000000000000000e+05
2.847000000000000000e+05
2.620000000000000000e+05
3.537000000000000000e+05
2.512000000000000000e+05
2.804000000000000000e+05
3.258000000000000000e+05
4.113000000000000000e+05
3.033000000000000000e+05
1.875000000000000000e+05
2.610000000000000000e+05
2.095000000000000000e+05
1.875000000000000000e+05
5.000010000000000000e+05
5.000010000000000000e+05
5.000010000000000000e+05
4.833000000000000000e+05
4.146000000000000000e+05
4.167000000000000000e+05
4.433000000000000000e+05
4.213000000000000000e+05
4.469000000000000000e+05
3.071000000000000000e+05
3.667000000000000000e+05
3.500000000000000000e+05
4.065000000000000000e+05
3.596000000000000000e+05
3.067000000000000000e+05
3.457000000000000000e+05
3.586000000000000000e+05
3.300000000000000000e+05
5.000010000000000000e+05
3.570000000000000000e+05
3.663000000000000000e+05
3.817000000000000000e+05
3.610000000000000000e+05
3.656000000000000000e+05
5.000010000000000000e+05
3.336000000000000000e+05
5.000010000000000000e+05
4.846000000000000000e+05
5.000010000000000000e+05
2.597000000000000000e+05
3.990000000000000000e+05
2.467000000000000000e+05
2.379000000000000000e+05
2.244000000000000000e+05
2.813000000000000000e+05
2.386000000000000000e+05
2.561000000000000000e+05
3.045000000000000000e+05
2.391000000000000000e+05
3.067000000000000000e+05
3.043000000000000000e+05
2.979000000000000000e+05
2.362000000000000000e+05
3.192000000000000000e+05
3.346000000000000000e+05
1.125000000000000000e+05
2.566000000000000000e+05
2.476000000000000000e+05
2.765000000000000000e+05
3.482000000000000000e+05
1.493000000000000000e+05
1.921000000000000000e+05
1.868000000000000000e+05
1.713000000000000000e+05
3.180000000000000000e+05
5.000010000000000000e+05
5.000010000000000000e+05
4.578000000000000000e+05
5.000010000000000000e+05
3.372000000000000000e+05
3.114000000000000000e+05
3.938000000000000000e+05
3.464000000000000000e+05
3.750000000000000000e+05
3.353000000000000000e+05
3.485000000000000000e+05
3.361000000000000000e+05
3.238000000000000000e+05
3.313000000000000000e+05
3.221000000000000000e+05
3.486000000000000000e+05
3.321000000000000000e+05
3.176000000000000000e+05
3.184000000000000000e+05
3.292000000000000000e+05
3.147000000000000000e+05
3.350000000000000000e+05
3.118000000000000000e+05
3.143000000000000000e+05
5.000010000000000000e+05
3.715000000000000000e+05
3.500000000000000000e+05
1.125000000000000000e+05
4.000000000000000000e+05
3.142000000000000000e+05
2.979000000000000000e+05
3.070000000000000000e+05
2.575000000000000000e+05
2.524000000000000000e+05
2.643000000000000000e+05
2.945000000000000000e+05
3.037000000000000000e+05
2.810000000000000000e+05
2.730000000000000000e+05
2.490000000000000000e+05
7.610000000000000000e+04
1.760000000000000000e+05
1.955000000000000000e+05
1.936000000000000000e+05
2.421000000000000000e+05
2.132000000000000000e+05
3.070000000000000000e+05
4.208000000000000000e+05
4.517000000000000000e+05
3.862000000000000000e+05
5.000010000000000000e+05
4.420000000000000000e+05
5.000010000000000000e+05
5.000010000000000000e+05
5.000010000000000000e+05
3.563000000000000000e+05
3.185000000000000000e+05
5.000010000000000000e+05
3.291000000000000000e+05
3.522000000000000000e+05
3.284000000000000000e+05
3.229000000000000000e+05
3.692000000000000000e+05
3.296000000000000000e+05
3.312000000000000000e+05
3.327000000000000000e+05
3.398000000000000000e+05
3.536000000000000000e+05
3.231000000000000000e+05
3.238000000000000000e+05
3.202000000000000000e+05
3.085000000000000000e+05
2.978000000000000000e+05
3.191000000000000000e+05
3.177000000000000000e+05
3.152000000000000000e+05
3.213000000000000000e+05
3.408000000000000000e+05
3.000000000000000000e+05
4.385000000000000000e+05
3.694000000000000000e+05
4.333000000000000000e+05
2.877000000000000000e+05
2.770000000000000000e+05
2.664000000000000000e+05
2.603000000000000000e+05
2.541000000000000000e+05
2.346000000000000000e+05
2.706000000000000000e+05
2.625000000000000000e+05
3.680000000000000000e+05
5.000000000000000000e+05
1.092000000000000000e+05
2.957000000000000000e+05
1.651000000000000000e+05
1.875000000000000000e+05
3.492000000000000000e+05
3.009000000000000000e+05
4.411000000000000000e+05
4.746000000000000000e+05
3.461000000000000000e+05
5.000010000000000000e+05
3.485000000000000000e+05
3.229000000000000000e+05
3.247000000000000000e+05
3.077000000000000000e+05
2.956000000000000000e+05
2.963000000000000000e+05
2.788000000000000000e+05
2.723000000000000000e+05
3.162000000000000000e+05
2.915000000000000000e+05
2.702000000000000000e+05
2.718000000000000000e+05
2.863000000000000000e+05
2.966000000000000000e+05
2.757000000000000000e+05
2.757000000000000000e+05
2.681000000000000000e+05
2.737000000000000000e+05
2.978000000000000000e+05
2.375000000000000000e+05
3.718000000000000000e+05
6.880000000000000000e+04
2.463000000000000000e+05
1.188000000000000000e+05
2.742000000000000000e+05
4.333000000000000000e+05
4.878000000000000000e+05
3.294000000000000000e+05
2.638000000000000000e+05
3.100000000000000000e+05
4.583000000000000000e+05
2.584000000000000000e+05
2.742000000000000000e+05
2.608000000000000000e+05
4.500000000000000000e+05
3.558000000000000000e+05
7.780000000000000000e+04
8.750000000000000000e+04
3.000000000000000000e+05
3.367000000000000000e+05
2.483000000000000000e+05
3.242000000000000000e+05
3.310000000000000000e+05
5.000010000000000000e+05
4.688000000000000000e+05
5.000010000000000000e+05
3.178000000000000000e+05
5.000010000000000000e+05
4.029000000000000000e+05
2.671000000000000000e+05
4.176000000000000000e+05
5.540000000000000000e+04
7.190000000000000000e+04
3.323000000000000000e+05
3.109000000000000000e+05
6.750000000000000000e+04
5.000010000000000000e+05
2.688000000000000000e+05
4.705000000000000000e+05
2.908000000000000000e+05
3.932000000000000000e+05
3.103000000000000000e+05
3.908000000000000000e+05
4.105000000000000000e+05
5.000010000000000000e+05
3.272000000000000000e+05
4.004000000000000000e+05
4.131000000000000000e+05
4.000000000000000000e+05
2.724000000000000000e+05
3.311000000000000000e+05
2.028000000000000000e+05
2.770000000000000000e+05
4.440000000000000000e+05
3.719000000000000000e+05
3.521000000000000000e+05
5.000010000000000000e+05
5.000010000000000000e+05
4.357000000000000000e+05
4.352000000000000000e+05
4.055000000000000000e+05
4.890000000000000000e+05
4.244000000000000000e+05
4.144000000000000000e+05
3.189000000000000000e+05
2.925000000000000000e+05
2.621000000000000000e+05
1.321000000000000000e+05
2.117000000000000000e+05
2.556000000000000000e+05
3.450000000000000000e+05
3.508000000000000000e+05
2.932000000000000000e+05
3.615000000000000000e+05
3.422000000000000000e+05
3.199000000000000000e+05
5.000010000000000000e+05
5.000010000000000000e+05
4.600000000000000000e+05
4.534000000000000000e+05
3.222000000000000000e+05
3.455000000000000000e+05
7.010000000000000000e+04
7.450000000000000000e+04
2.098000000000000000e+05
3.248000000000000000e+05
3.457000000000000000e+05
3.989000000000000000e+05
5.000010000000000000e+05
5.000010000000000000e+05
5.000010000000000000e+05
5.000010000000000000e+05
4.635000000000000000e+05
3.625000000000000000e+05
9.340000000000000000e+04
5.560000000000000000e+04
2.250000000000000000e+05
2.505000000000000000e+05
3.877000000000000000e+05
3.140000000000000000e+05
3.201000000000000000e+05
3.369000000000000000e+05
3.550000000000000000e+05
3.821000000000000000e+05
5.000010000000000000e+05
1.958000000000000000e+05
1.831000000000000000e+05
2.692000000000000000e+05
3.066000000000000000e+05
4.232000000000000000e+05
3.095000000000000000e+05
2.763000000000000000e+05
2.856000000000000000e+05
1.031000000000000000e+05
1.857000000000000000e+05
2.450000000000000000e+05
2.012000000000000000e+05
2.167000000000000000e+05
2.909000000000000000e+05
2.752000000000000000e+05
6.200000000000000000e+04
9.170000000000000000e+04
3.415000000000000000e+05
2.045000000000000000e+05
3.015000000000000000e+05
2.016000000000000000e+05
2.466000000000000000e+05
5.570000000000000000e+04
7.130000000000000000e+04
2.598000000000000000e+05
2.152000000000000000e+05
2.049000000000000000e+05
1.901000000000000000e+05
1.885000000000000000e+05
1.859000000000000000e+05
1.938000000000000000e+05
3.687000000000000000e+05
2.896000000000000000e+05
6.900000000000000000e+04
5.880000000000000000e+04
5.750000000000000000e+04
5.500000000000000000e+04
8.530000000000000000e+04
2.652000000000000000e+05
3.247000000000000000e+05
1.702000000000000000e+05
1.965000000000000000e+05
1.891000000000000000e+05
1.565000000000000000e+05
2.018000000000000000e+05
3.349000000000000000e+05
3.167000000000000000e+05
4.938000000000000000e+05
6.020000000000000000e+04
6.400000000000000000e+04
7.730000000000000000e+04
4.900000000000000000e+04
8.180000000000000000e+04
2.656000000000000000e+05
3.254000000000000000e+05
2.023000000000000000e+05
1.819000000000000000e+05
1.455000000000000000e+05
1.941000000000000000e+05
2.321000000000000000e+05
2.671000000000000000e+05
2.911000000000000000e+05
5.350000000000000000e+04
8.130000000000000000e+04
6.320000000000000000e+04
5.820000000000000000e+04
6.890000000000000000e+04
7.350000000000000000e+04
8.960000000000000000e+04
2.557000000000000000e+05
1.626000000000000000e+05
2.440000000000000000e+05
1.516000000000000000e+05
2.523000000000000000e+05
2.309000000000000000e+05
2.288000000000000000e+05
2.920000000000000000e+05
5.000010000000000000e+05
5.750000000000000000e+04
7.590000000000000000e+04
6.000000000000000000e+04
1.125000000000000000e+05
2.144000000000000000e+05
1.878000000000000000e+05
3.431000000000000000e+05
3.441000000000000000e+05
2.345000000000000000e+05
1.933000000000000000e+05
2.276000000000000000e+05
2.436000000000000000e+05
2.006000000000000000e+05
2.792000000000000000e+05
1.712000000000000000e+05
5.330000000000000000e+04
1.094000000000000000e+05
1.762000000000000000e+05
1.862000000000000000e+05
1.903000000000000000e+05
1.726000000000000000e+05
2.211000000000000000e+05
2.935000000000000000e+05
2.159000000000000000e+05
2.084000000000000000e+05
7.500000000000000000e+04
3.500000000000000000e+05
1.903000000000000000e+05
1.943000000000000000e+05
2.426000000000000000e+05
1.964000000000000000e+05
2.027000000000000000e+05
1.964000000000000000e+05
2.203000000000000000e+05
2.927000000000000000e+05
2.885000000000000000e+05
9.040000000000000000e+04
1.097000000000000000e+05
6.790000000000000000e+04
2.446000000000000000e+05
3.813000000000000000e+05
2.029000000000000000e+05
1.413000000000000000e+05
1.697000000000000000e+05
1.919000000000000000e+05
1.414000000000000000e+05
3.060000000000000000e+05
4.300000000000000000e+05
1.125000000000000000e+05
7.240000000000000000e+04
9.340000000000000000e+04
3.130000000000000000e+05
1.830000000000000000e+05
1.612000000000000000e+05
1.683000000000000000e+05
2.140000000000000000e+05
1.775000000000000000e+05
1.918000000000000000e+05
1.602000000000000000e+05
1.355000000000000000e+05
1.654000000000000000e+05
1.724000000000000000e+05
2.921000000000000000e+05
2.850000000000000000e+05
1.625000000000000000e+05
1.347000000000000000e+05
2.100000000000000000e+05
2.402000000000000000e+05
1.906000000000000000e+05
2.405000000000000000e+05
1.783000000000000000e+05
1.650000000000000000e+05
1.578000000000000000e+05
1.141000000000000000e+05
1.681000000000000000e+05
2.271000000000000000e+05
2.578000000000000000e+05
1.465000000000000000e+05
1.545000000000000000e+05
1.604000000000000000e+05
1.563000000000000000e+05
2.581000000000000000e+05
3.103000000000000000e+05
3.091000000000000000e+05
5.500000000000000000e+04
3.309000000000000000e+05
1.694000000000000000e+05
1.593000000000000000e+05
1.672000000000000000e+05
2.133000000000000000e+05
1.888000000000000000e+05
2.221000000000000000e+05
1.854000000000000000e+05
2.583000000000000000e+05
3.500000000000000000e+05
1.299000000000000000e+05
1.240000000000000000e+05
1.292000000000000000e+05
1.406000000000000000e+05
2.530000000000000000e+05
1.042000000000000000e+05
1.620000000000000000e+05
1.216000000000000000e+05
1.576000000000000000e+05
2.426000000000000000e+05
9.660000000000000000e+04
2.408000000000000000e+05
2.891000000000000000e+05
1.648000000000000000e+05
1.570000000000000000e+05
1.292000000000000000e+05
1.375000000000000000e+05
1.404000000000000000e+05
1.311000000000000000e+05
1.523000000000000000e+05
1.460000000000000000e+05
1.625000000000000000e+05
2.480000000000000000e+05
9.420000000000000000e+04
1.115000000000000000e+05
1.565000000000000000e+05
1.500000000000000000e+05
1.450000000000000000e+05
1.462000000000000000e+05
1.403000000000000000e+05
1.676000000000000000e+05
1.500000000000000000e+05
1.833000000000000000e+05
2.096000000000000000e+05
3.177000000000000000e+05
1.499900000000000000e+04
9.080000000000000000e+04
1.617000000000000000e+05
1.792000000000000000e+05
1.709000000000000000e+05
1.479000000000000000e+05
1.643000000000000000e+05
1.423000000000000000e+05
1.410000000000000000e+05
2.542000000000000000e+05
2.521000000000000000e+05
1.469000000000000000e+05
1.428000000000000000e+05
1.491000000000000000e+05
1.650000000000000000e+05
1.232000000000000000e+05
2.241000000000000000e+05
2.131000000000000000e+05
1.836000000000000000e+05
1.800000000000000000e+05
1.702000000000000000e+05
2.224000000000000000e+05
1.194000000000000000e+05
1.975000000000000000e+05
2.907000000000000000e+05
2.680000000000000000e+05
1.089000000000000000e+05
2.508000000000000000e+05
1.920000000000000000e+05
3.453000000000000000e+05
1.440000000000000000e+05
1.750000000000000000e+05
7.170000000000000000e+04
6.680000000000000000e+04
8.900000000000000000e+04
2.483000000000000000e+05
1.910000000000000000e+05
1.856000000000000000e+05
6.500000000000000000e+04
1.667000000000000000e+05
2.572000000000000000e+05
2.531000000000000000e+05
8.890000000000000000e+04
1.393000000000000000e+05
2.486000000000000000e+05
2.939000000000000000e+05
2.388000000000000000e+05
1.886000000000000000e+05
2.017000000000000000e+05
1.951000000000000000e+05
1.729000000000000000e+05
3.047000000000000000e+05
1.693000000000000000e+05
2.159000000000000000e+05
2.409000000000000000e+05
2.337000000000000000e+05
2.599000000000000000e+05
2.441000000000000000e+05
9.470000000000000000e+04
1.139000000000000000e+05
7.780000000000000000e+04
9.380000000000000000e+04
1.000000000000000000e+05
1.688000000000000000e+05
1.785000000000000000e+05
2.603000000000000000e+05
2.373000000000000000e+05
2.046000000000000000e+05
2.169000000000000000e+05
2.707000000000000000e+05
8.850000000000000000e+04
2.662000000000000000e+05
3.050000000000000000e+05
7.880000000000000000e+04
1.368000000000000000e+05
1.740000000000000000e+05
1.833000000000000000e+05
2.095000000000000000e+05
2.444000000000000000e+05
2.615000000000000000e+05
8.650000000000000000e+04
2.280000000000000000e+05
1.600000000000000000e+05
1.737000000000000000e+05
1.878000000000000000e+05
1.722000000000000000e+05
1.063000000000000000e+05
2.492000000000000000e+05
2.762000000000000000e+05
1.021000000000000000e+05
7.350000000000000000e+04
1.057000000000000000e+05
2.683000000000000000e+05
2.968000000000000000e+05
2.675000000000000000e+05
6.170000000000000000e+04
9.890000000000000000e+04
7.360000000000000000e+04
1.432000000000000000e+05
1.635000000000000000e+05
7.250000000000000000e+04
6.830000000000000000e+04
1.003000000000000000e+05
9.500000000000000000e+04
9.350000000000000000e+04
9.580000000000000000e+04
1.465000000000000000e+05
2.519000000000000000e+05
2.698000000000000000e+05
6.200000000000000000e+04
1.663000000000000000e+05
8.070000000000000000e+04
1.190000000000000000e+05
1.342000000000000000e+05
7.960000000000000000e+04
9.120000000000000000e+04
2.625000000000000000e+05
2.000000000000000000e+05
2.878000000000000000e+05
2.667000000000000000e+05
1.488000000000000000e+05
1.170000000000000000e+05
1.171000000000000000e+05
9.420000000000000000e+04
1.513000000000000000e+05
9.310000000000000000e+04
1.229000000000000000e+05
2.409000000000000000e+05
9.870000000000000000e+04
1.327000000000000000e+05
1.621000000000000000e+05
1.641000000000000000e+05
1.531000000000000000e+05
3.648000000000000000e+05
1.333000000000000000e+05
1.341000000000000000e+05
2.462000000000000000e+05
1.183000000000000000e+05
1.388000000000000000e+05
1.369000000000000000e+05
1.200000000000000000e+05
2.688000000000000000e+05
1.719000000000000000e+05
1.325000000000000000e+05
9.260000000000000000e+04
1.125000000000000000e+05
6.330000000000000000e+04
2.326000000000000000e+05
1.161000000000000000e+05
9.490000000000000000e+04
1.644000000000000000e+05
1.375000000000000000e+05
6.150000000000000000e+04
8.470000000000000000e+04
7.000000000000000000e+04
1.542000000000000000e+05
9.580000000000000000e+04
1.208000000000000000e+05
1.499900000000000000e+04
2.149000000000000000e+05
1.619000000000000000e+05
7.370000000000000000e+04
1.342000000000000000e+05
1.750000000000000000e+05
1.188000000000000000e+05
1.256000000000000000e+05
7.000000000000000000e+04
8.230000000000000000e+04
9.620000000000000000e+04
1.092000000000000000e+05
8.440000000000000000e+04
4.880000000000000000e+04
1.493000000000000000e+05
1.421000000000000000e+05
1.129000000000000000e+05
1.089000000000000000e+05
1.146000000000000000e+05
1.274000000000000000e+05
1.598000000000000000e+05
4.960000000000000000e+04
4.130000000000000000e+04
1.429000000000000000e+05
1.152000000000000000e+05
1.221000000000000000e+05
6.030000000000000000e+04
1.471000000000000000e+05
1.440000000000000000e+05
5.790000000000000000e+04
1.313000000000000000e+05
1.575000000000000000e+05
6.460000000000000000e+04
5.670000000000000000e+04
9.260000000000000000e+04
9.660000000000000000e+04
8.400000000000000000e+04
1.311000000000000000e+05
7.720000000000000000e+04
7.180000000000000000e+04
7.690000000000000000e+04
7.150000000000000000e+04
1.445000000000000000e+05
1.154000000000000000e+05
9.600000000000000000e+04
5.440000000000000000e+04
1.246000000000000000e+05
1.044000000000000000e+05
6.540000000000000000e+04
8.750000000000000000e+04
6.750000000000000000e+04
7.920000000000000000e+04
6.450000000000000000e+04
2.954000000000000000e+05
7.500000000000000000e+04
1.656000000000000000e+05
1.010000000000000000e+05
1.000000000000000000e+05
1.761000000000000000e+05
5.920000000000000000e+04
1.407000000000000000e+05
6.270000000000000000e+04
5.430000000000000000e+04
9.530000000000000000e+04
2.132000000000000000e+05
6.980000000000000000e+04
5.000000000000000000e+04
7.710000000000000000e+04
1.650000000000000000e+05
1.015000000000000000e+05
1.514000000000000000e+05
7.980000000000000000e+04
1.019000000000000000e+05
1.133000000000000000e+05
1.058000000000000000e+05
1.162000000000000000e+05
1.503000000000000000e+05
9.360000000000000000e+04
2.770000000000000000e+05
2.250000000000000000e+05
7.680000000000000000e+04
8.240000000000000000e+04
1.167000000000000000e+05
7.400000000000000000e+04
1.458000000000000000e+05
1.104000000000000000e+05
3.670000000000000000e+04
1.500000000000000000e+05
1.063000000000000000e+05
1.527000000000000000e+05
9.260000000000000000e+04
8.420000000000000000e+04
9.880000000000000000e+04
7.070000000000000000e+04
7.560000000000000000e+04
1.339000000000000000e+05
1.199000000000000000e+05
7.130000000000000000e+04
1.656000000000000000e+05
1.430000000000000000e+05
9.520000000000000000e+04
1.194000000000000000e+05
1.395000000000000000e+05
9.810000000000000000e+04
9.920000000000000000e+04
1.531000000000000000e+05
1.197000000000000000e+05
6.280000000000000000e+04
1.113000000000000000e+05
7.010000000000000000e+04
7.880000000000000000e+04
1.500000000000000000e+05
1.356000000000000000e+05
1.269000000000000000e+05
1.058000000000000000e+05
7.410000000000000000e+04
8.210000000000000000e+04
8.750000000000000000e+04
7.500000000000000000e+04
7.050000000000000000e+04
9.790000000000000000e+04
9.260000000000000000e+04
8.110000000000000000e+04
1.118000000000000000e+05
5.750000000000000000e+04
7.230000000000000000e+04
5.500000000000000000e+04
8.170000000000000000e+04
7.360000000000000000e+04
9.020000000000000000e+04
9.610000000000000000e+04
7.410000000000000000e+04
8.110000000000000000e+04
9.280000000000000000e+04
8.300000000000000000e+04
8.690000000000000000e+04
9.210000000000000000e+04
9.480000000000000000e+04
1.224000000000000000e+05
1.434000000000000000e+05
8.100000000000000000e+04
9.280000000000000000e+04
9.960000000000000000e+04
1.306000000000000000e+05
6.680000000000000000e+04
7.680000000000000000e+04
9.250000000000000000e+04
7.510000000000000000e+04
1.031000000000000000e+05
5.750000000000000000e+04
6.750000000000000000e+04
7.410000000000000000e+04
8.640000000000000000e+04
9.000000000000000000e+04
1.006000000000000000e+05
7.960000000000000000e+04
6.950000000000000000e+04
7.550000000000000000e+04
9.600000000000000000e+04
8.050000000000000000e+04
7.410000000000000000e+04
9.270000000000000000e+04
7.690000000000000000e+04
8.540000000000000000e+04
8.180000000000000000e+04
8.200000000000000000e+04
8.510000000000000000e+04
1.059000000000000000e+05
6.000000000000000000e+04
7.550000000000000000e+04
6.250000000000000000e+04
7.050000000000000000e+04
6.830000000000000000e+04
8.130000000000000000e+04
8.280000000000000000e+04
1.161000000000000000e+05
8.640000000000000000e+04
7.050000000000000000e+04
7.020000000000000000e+04
6.700000000000000000e+04
7.220000000000000000e+04
1.070000000000000000e+05
7.460000000000000000e+04
7.000000000000000000e+04
6.900000000000000000e+04
9.010000000000000000e+04
6.840000000000000000e+04
6.690000000000000000e+04
5.810000000000000000e+04
7.830000000000000000e+04
7.320000000000000000e+04
5.080000000000000000e+04
1.067000000000000000e+05
7.610000000000000000e+04
1.114000000000000000e+05
7.900000000000000000e+04
1.036000000000000000e+05
8.580000000000000000e+04
9.460000000000000000e+04
